Depth dose profile, Water equivalent length	Automatic Fit
Window's range [ch]:	[122, 258]
Window's range [mm]:	[14.64, 30.96]
Peak position:	29.52 mm
Peak-plateau ratio:	1.29  
Clinical range (R90):	16.17 mm
Peak width (@50%):	29.80 mm
Entrance dose:	64.99 %

Water equivalent length	Automatic Fit
0.12	63.62
0.24	63.70
0.36	63.79
0.48	63.88
0.60	63.97
0.72	64.06
0.84	64.15
0.96	64.24
1.08	64.33
1.20	64.42
1.32	64.52
1.44	64.61
1.56	64.71
1.68	64.81
1.80	64.91
1.92	65.01
2.04	65.11
2.16	65.21
2.28	65.31
2.40	65.41
2.52	65.52
2.64	65.62
2.76	65.73
2.88	65.84
3.00	65.95
3.12	66.06
3.24	66.17
3.36	66.28
3.48	66.40
3.60	66.51
3.72	66.63
3.84	66.75
3.96	66.87
4.08	66.99
4.20	67.11
4.32	67.23
4.44	67.36
4.56	67.49
4.68	67.61
4.80	67.74
4.92	67.88
5.04	68.01
5.16	68.14
5.28	68.28
5.40	68.42
5.52	68.56
5.64	68.70
5.76	68.84
5.88	68.99
6.00	69.13
6.12	69.28
6.24	69.43
6.36	69.59
6.48	69.74
6.60	69.90
6.72	70.06
6.84	70.22
6.96	70.39
7.08	70.55
7.20	70.72
7.32	70.89
7.44	71.07
7.56	71.24
7.68	71.42
7.80	71.60
7.92	71.79
8.04	71.98
8.16	72.17
8.28	72.36
8.40	72.56
8.52	72.76
8.64	72.96
8.76	73.17
8.88	73.38
9.00	73.59
9.12	73.81
9.24	74.03
9.36	74.26
9.48	74.49
9.60	74.73
9.72	74.97
9.84	75.21
9.96	75.46
10.08	75.71
10.20	75.97
10.32	76.24
10.44	76.51
10.56	76.79
10.68	77.07
10.80	77.36
10.92	77.66
11.04	77.96
11.16	78.27
11.28	78.59
11.40	78.92
11.52	79.25
11.64	79.60
11.76	79.96
11.88	80.32
12.00	80.70
12.12	81.09
12.24	81.50
12.36	81.92
12.48	82.35
12.60	82.80
12.72	83.27
12.84	83.75
12.96	84.26
13.08	84.79
13.20	85.36
13.32	85.95
13.44	86.57
13.56	87.24
13.68	87.95
13.80	88.72
13.92	89.56
14.04	90.50
14.16	91.55
14.28	92.74
14.40	94.10
14.52	95.62
14.64	97.23
14.76	98.81
14.88	100.20
15.00	101.19
15.12	101.65
15.24	101.50
15.36	100.76
15.48	99.54
15.60	97.99
15.72	96.32
15.84	94.70
15.96	93.28
16.08	92.12
16.20	91.25
16.32	90.62
16.44	90.17
16.56	89.87
16.68	89.66
16.80	89.53
16.92	89.46
17.04	89.45
17.16	89.48
17.28	89.56
17.40	89.68
17.52	89.82
17.64	89.99
17.76	90.17
17.88	90.35
18.00	90.52
18.12	90.69
18.24	90.85
18.36	90.98
18.48	91.10
18.60	91.18
18.72	91.23
18.84	91.25
18.96	91.24
19.08	91.20
19.20	91.14
19.32	91.06
19.44	90.95
19.56	90.83
19.68	90.69
19.80	90.53
19.92	90.38
20.04	90.22
20.16	90.08
20.28	89.96
20.40	89.86
20.52	89.79
20.64	89.73
20.76	89.68
20.88	89.63
21.00	89.56
21.12	89.47
21.24	89.36
21.36	89.24
21.48	89.11
21.60	88.99
21.72	88.90
21.84	88.85
21.96	88.86
22.08	88.93
22.20	89.07
22.32	89.28
22.44	89.54
22.56	89.85
22.68	90.20
22.80	90.57
22.92	90.96
23.04	91.34
23.16	91.71
23.28	92.05
23.40	92.38
23.52	92.67
23.64	92.92
23.76	93.13
23.88	93.30
24.00	93.42
24.12	93.49
24.24	93.53
24.36	93.53
24.48	93.51
24.60	93.47
24.72	93.42
24.84	93.37
24.96	93.34
25.08	93.33
25.20	93.37
25.32	93.45
25.44	93.60
25.56	93.80
25.68	94.07
25.80	94.40
25.92	94.78
26.04	95.20
26.16	95.64
26.28	96.10
26.40	96.56
26.52	96.99
26.64	97.40
26.76	97.77
26.88	98.09
27.00	98.35
27.12	98.55
27.24	98.69
27.36	98.77
27.48	98.79
27.60	98.77
27.72	98.70
27.84	98.58
27.96	98.40
28.08	98.16
28.20	97.81
28.32	97.31
28.44	96.62
28.56	95.68
28.68	94.42
28.80	92.78
28.92	90.69
29.04	88.10
29.16	84.97
29.28	81.29
29.40	77.08
29.52	72.35
29.64	67.19
29.76	61.67
29.88	55.90
30.00	50.01
30.12	44.12
30.24	38.36
30.36	32.85
30.48	27.69
30.60	22.96
30.72	18.72
30.84	15.00
30.96	11.80
31.08	9.11
31.20	6.90
31.32	5.13
31.44	3.73
31.56	2.66
31.68	1.85
31.80	1.27
31.92	0.84
32.04	0.55
32.16	0.35
32.28	0.22
32.40	0.13
32.52	0.08
32.64	0.04
32.76	0.03
32.88	0.01
33.00	0.01
33.12	0.00
33.24	0.00
33.36	0.00
33.48	0.00
33.60	0.00
33.72	0.00
33.84	0.00
33.96	0.00
34.08	0.00
34.20	0.00
34.32	0.00
34.44	0.00
34.56	0.00
34.68	0.00
34.80	0.00
34.92	0.00
35.04	0.00
35.16	0.00
35.28	0.00
35.40	0.00
35.52	0.00
35.64	0.00
35.76	0.00
35.88	0.00
36.00	0.00
36.12	0.00
36.24	0.00
36.36	0.00
36.48	0.00
36.60	0.00
36.72	0.00
36.84	0.00
36.96	0.00
37.08	0.00
37.20	0.00
37.32	0.00
37.44	0.00
37.56	0.00
37.68	0.00
37.80	0.00
37.92	0.00
38.04	0.00
38.16	0.00
38.28	0.00
38.40	0.00
38.52	0.00
38.64	0.00
38.76	0.00
38.88	0.00
39.00	0.00
39.12	0.00
39.24	0.00
39.36	0.00
39.48	0.00
39.60	0.00
39.72	0.00
39.84	0.00
39.96	0.00
40.08	0.00
40.20	0.00
40.32	0.00
40.44	0.00
40.56	0.00
40.68	0.00
40.80	0.00
40.92	0.00
41.04	0.00
41.16	0.00
41.28	0.00
41.40	0.00
41.52	0.00
41.64	0.00
41.76	0.00
41.88	0.00
42.00	0.00
42.12	0.00
42.24	0.00
42.36	0.00
42.48	0.00
42.60	0.00
42.72	0.00
42.84	0.00
42.96	0.00
43.08	0.00
43.20	0.00
43.32	0.00
43.44	0.00
43.56	0.00
43.68	0.00
43.80	0.00
43.92	0.00
44.04	0.00
44.16	0.00
44.28	0.00
44.40	0.00
44.52	0.00
44.64	0.00
44.76	0.00
44.88	0.00
45.00	0.00
45.12	0.00
45.24	0.00
45.36	0.00
45.48	0.00
45.60	0.00
45.72	0.00
45.84	0.00
45.96	0.00
46.08	0.00
46.20	0.00
46.32	0.00
46.44	0.00
46.56	0.00
46.68	0.00
46.80	0.00
46.92	0.00
47.04	0.00
47.16	0.00
47.28	0.00
47.40	0.00
47.52	0.00
47.64	0.00
47.76	0.00
47.88	0.00
48.00	0.00
48.12	0.00
48.24	0.00
48.36	0.00
48.48	0.00
48.60	0.00
48.72	0.00
48.84	0.00
48.96	0.00
49.08	0.00
49.20	0.00
49.32	0.00
49.44	0.00
49.56	0.00
49.68	0.00
49.80	0.00
49.92	0.00
50.04	0.00
50.16	0.00
50.28	0.00
50.40	0.00
50.52	0.00
50.64	0.00
50.76	0.00
50.88	0.00
51.00	0.00
51.12	0.00
51.24	0.00
51.36	0.00
51.48	0.00
51.60	0.00
51.72	0.00
51.84	0.00
51.96	0.00
52.08	0.00
52.20	0.00
52.32	0.00
52.44	0.00
52.56	0.00
52.68	0.00
52.80	0.00
52.92	0.00
53.04	0.00
53.16	0.00
53.28	0.00
53.40	0.00
53.52	0.00
53.64	0.00
53.76	0.00
53.88	0.00
54.00	0.00
54.12	0.00
54.24	0.00
54.36	0.00
54.48	0.00
54.60	0.00
54.72	0.00
54.84	0.00
54.96	0.00
55.08	0.00
55.20	0.00
55.32	0.00
55.44	0.00
55.56	0.00
55.68	0.00
55.80	0.00
55.92	0.00
56.04	0.00
56.16	0.00
56.28	0.00
56.40	0.00
56.52	0.00
56.64	0.00
56.76	0.00
56.88	0.00
57.00	0.00
57.12	0.00
57.24	0.00
57.36	0.00
57.48	0.00
57.60	0.00
57.72	0.00
57.84	0.00
57.96	0.00
58.08	0.00
58.20	0.00
58.32	0.00
58.44	0.00
58.56	0.00
58.68	0.00
58.80	0.00
58.92	0.00
59.04	0.00
59.16	0.00
59.28	0.00
59.40	0.00
59.52	0.00
59.64	0.00
59.76	0.00
59.88	0.00
60.00	0.00
60.12	0.00
60.24	0.00
60.36	0.00
60.48	0.00
60.60	0.00
60.72	0.00
60.84	0.00
60.96	0.00
61.08	0.00
61.20	0.00
61.32	0.00
61.44	0.00