Depth dose profile, Water equivalent length	Automatic Fit
Window's range [ch]:	[267, 296]
Window's range [mm]:	[32.04, 35.52]
Peak position:	34.20 mm
Peak-plateau ratio:	2.69  
Clinical range (R90):	33.98 mm
Peak width (@50%):	6.37 mm
Entrance dose:	27.59 %
Modulation:	0.62 mm

Water equivalent length	Automatic Fit
0.12	27.47
0.24	27.50
0.36	27.52
0.48	27.55
0.60	27.57
0.72	27.60
0.84	27.63
0.96	27.65
1.08	27.68
1.20	27.71
1.32	27.73
1.44	27.76
1.56	27.79
1.68	27.81
1.80	27.84
1.92	27.87
2.04	27.90
2.16	27.93
2.28	27.95
2.40	27.98
2.52	28.01
2.64	28.04
2.76	28.07
2.88	28.10
3.00	28.13
3.12	28.16
3.24	28.19
3.36	28.22
3.48	28.25
3.60	28.28
3.72	28.31
3.84	28.34
3.96	28.37
4.08	28.40
4.20	28.43
4.32	28.46
4.44	28.50
4.56	28.53
4.68	28.56
4.80	28.59
4.92	28.63
5.04	28.66
5.16	28.69
5.28	28.73
5.40	28.76
5.52	28.80
5.64	28.83
5.76	28.86
5.88	28.90
6.00	28.93
6.12	28.97
6.24	29.01
6.36	29.04
6.48	29.08
6.60	29.11
6.72	29.15
6.84	29.19
6.96	29.23
7.08	29.26
7.20	29.30
7.32	29.34
7.44	29.38
7.56	29.42
7.68	29.46
7.80	29.49
7.92	29.53
8.04	29.57
8.16	29.61
8.28	29.66
8.40	29.70
8.52	29.74
8.64	29.78
8.76	29.82
8.88	29.86
9.00	29.91
9.12	29.95
9.24	29.99
9.36	30.04
9.48	30.08
9.60	30.12
9.72	30.17
9.84	30.21
9.96	30.26
10.08	30.31
10.20	30.35
10.32	30.40
10.44	30.45
10.56	30.49
10.68	30.54
10.80	30.59
10.92	30.64
11.04	30.69
11.16	30.74
11.28	30.79
11.40	30.84
11.52	30.89
11.64	30.94
11.76	30.99
11.88	31.04
12.00	31.10
12.12	31.15
12.24	31.20
12.36	31.26
12.48	31.31
12.60	31.37
12.72	31.42
12.84	31.48
12.96	31.53
13.08	31.59
13.20	31.65
13.32	31.71
13.44	31.77
13.56	31.83
13.68	31.89
13.80	31.95
13.92	32.01
14.04	32.07
14.16	32.13
14.28	32.19
14.40	32.26
14.52	32.32
14.64	32.39
14.76	32.45
14.88	32.52
15.00	32.58
15.12	32.65
15.24	32.72
15.36	32.79
15.48	32.86
15.60	32.93
15.72	33.00
15.84	33.07
15.96	33.14
16.08	33.22
16.20	33.29
16.32	33.37
16.44	33.44
16.56	33.52
16.68	33.60
16.80	33.68
16.92	33.75
17.04	33.83
17.16	33.92
17.28	34.00
17.40	34.08
17.52	34.16
17.64	34.25
17.76	34.33
17.88	34.42
18.00	34.51
18.12	34.60
18.24	34.69
18.36	34.78
18.48	34.87
18.60	34.96
18.72	35.06
18.84	35.15
18.96	35.25
19.08	35.35
19.20	35.45
19.32	35.55
19.44	35.65
19.56	35.75
19.68	35.86
19.80	35.96
19.92	36.07
20.04	36.18
20.16	36.29
20.28	36.40
20.40	36.51
20.52	36.63
20.64	36.75
20.76	36.86
20.88	36.98
21.00	37.10
21.12	37.23
21.24	37.35
21.36	37.48
21.48	37.61
21.60	37.74
21.72	37.87
21.84	38.01
21.96	38.14
22.08	38.28
22.20	38.42
22.32	38.56
22.44	38.71
22.56	38.86
22.68	39.01
22.80	39.16
22.92	39.31
23.04	39.47
23.16	39.63
23.28	39.80
23.40	39.96
23.52	40.13
23.64	40.30
23.76	40.48
23.88	40.66
24.00	40.84
24.12	41.02
24.24	41.21
24.36	41.40
24.48	41.60
24.60	41.80
24.72	42.00
24.84	42.21
24.96	42.42
25.08	42.63
25.20	42.85
25.32	43.08
25.44	43.31
25.56	43.54
25.68	43.78
25.80	44.03
25.92	44.28
26.04	44.53
26.16	44.79
26.28	45.06
26.40	45.34
26.52	45.62
26.64	45.91
26.76	46.20
26.88	46.51
27.00	46.82
27.12	47.14
27.24	47.47
27.36	47.80
27.48	48.15
27.60	48.51
27.72	48.87
27.84	49.25
27.96	49.64
28.08	50.04
28.20	50.46
28.32	50.88
28.44	51.33
28.56	51.78
28.68	52.26
28.80	52.75
28.92	53.25
29.04	53.78
29.16	54.33
29.28	54.90
29.40	55.49
29.52	56.11
29.64	56.76
29.76	57.44
29.88	58.15
30.00	58.90
30.12	59.68
30.24	60.51
30.36	61.39
30.48	62.32
30.60	63.31
30.72	64.37
30.84	65.50
30.96	66.71
31.08	68.01
31.20	69.41
31.32	70.91
31.44	72.53
31.56	74.26
31.68	76.10
31.80	78.07
31.92	80.15
32.04	82.34
32.16	84.62
32.28	86.96
32.40	89.35
32.52	91.73
32.64	94.06
32.76	96.27
32.88	98.29
33.00	100.03
33.12	101.39
33.24	102.28
33.36	102.60
33.48	102.24
33.60	101.15
33.72	99.25
33.84	96.51
33.96	92.94
34.08	88.56
34.20	83.45
34.32	77.72
34.44	71.49
34.56	64.92
34.68	58.17
34.80	51.40
34.92	44.78
35.04	38.44
35.16	32.51
35.28	27.08
35.40	22.20
35.52	17.91
35.64	14.22
35.76	11.11
35.88	8.53
36.00	6.44
36.12	4.78
36.24	3.48
36.36	2.50
36.48	1.76
36.60	1.21
36.72	0.82
36.84	0.55
36.96	0.36
37.08	0.23
37.20	0.14
37.32	0.09
37.44	0.05
37.56	0.03
37.68	0.02
37.80	0.01
37.92	0.01
38.04	0.00
38.16	0.00
38.28	0.00
38.40	0.00
38.52	0.00
38.64	0.00
38.76	0.00
38.88	0.00
39.00	0.00
39.12	0.00
39.24	0.00
39.36	0.00
39.48	0.00
39.60	0.00
39.72	0.00
39.84	0.00
39.96	0.00
40.08	0.00
40.20	0.00
40.32	0.00
40.44	0.00
40.56	0.00
40.68	0.00
40.80	0.00
40.92	0.00
41.04	0.00
41.16	0.00
41.28	0.00
41.40	0.00
41.52	0.00
41.64	0.00
41.76	0.00
41.88	0.00
42.00	0.00
42.12	0.00
42.24	0.00
42.36	0.00
42.48	0.00
42.60	0.00
42.72	0.00
42.84	0.00
42.96	0.00
43.08	0.00
43.20	0.00
43.32	0.00
43.44	0.00
43.56	0.00
43.68	0.00
43.80	0.00
43.92	0.00
44.04	0.00
44.16	0.00
44.28	0.00
44.40	0.00
44.52	0.00
44.64	0.00
44.76	0.00
44.88	0.00
45.00	0.00
45.12	0.00
45.24	0.00
45.36	0.00
45.48	0.00
45.60	0.00
45.72	0.00
45.84	0.00
45.96	0.00
46.08	0.00
46.20	0.00
46.32	0.00
46.44	0.00
46.56	0.00
46.68	0.00
46.80	0.00
46.92	0.00
47.04	0.00
47.16	0.00
47.28	0.00
47.40	0.00
47.52	0.00
47.64	0.00
47.76	0.00
47.88	0.00
48.00	0.00
48.12	0.00
48.24	0.00
48.36	0.00
48.48	0.00
48.60	0.00
48.72	0.00
48.84	0.00
48.96	0.00
49.08	0.00
49.20	0.00
49.32	0.00
49.44	0.00
49.56	0.00
49.68	0.00
49.80	0.00
49.92	0.00
50.04	0.00
50.16	0.00
50.28	0.00
50.40	0.00
50.52	0.00
50.64	0.00
50.76	0.00
50.88	0.00
51.00	0.00
51.12	0.00
51.24	0.00
51.36	0.00
51.48	0.00
51.60	0.00
51.72	0.00
51.84	0.00
51.96	0.00
52.08	0.00
52.20	0.00
52.32	0.00
52.44	0.00
52.56	0.00
52.68	0.00
52.80	0.00
52.92	0.00
53.04	0.00
53.16	0.00
53.28	0.00
53.40	0.00
53.52	0.00
53.64	0.00
53.76	0.00
53.88	0.00
54.00	0.00
54.12	0.00
54.24	0.00
54.36	0.00
54.48	0.00
54.60	0.00
54.72	0.00
54.84	0.00
54.96	0.00
55.08	0.00
55.20	0.00
55.32	0.00
55.44	0.00
55.56	0.00
55.68	0.00
55.80	0.00
55.92	0.00
56.04	0.00
56.16	0.00
56.28	0.00
56.40	0.00
56.52	0.00
56.64	0.00
56.76	0.00
56.88	0.00
57.00	0.00
57.12	0.00
57.24	0.00
57.36	0.00
57.48	0.00
57.60	0.00
57.72	0.00
57.84	0.00
57.96	0.00
58.08	0.00
58.20	0.00
58.32	0.00
58.44	0.00
58.56	0.00
58.68	0.00
58.80	0.00
58.92	0.00
59.04	0.00
59.16	0.00
59.28	0.00
59.40	0.00
59.52	0.00
59.64	0.00
59.76	0.00
59.88	0.00
60.00	0.00
60.12	0.00
60.24	0.00
60.36	0.00
60.48	0.00
60.60	0.00
60.72	0.00
60.84	0.00
60.96	0.00
61.08	0.00
61.20	0.00
61.32	0.00
61.44	0.00